101 114
102 128
103 141
105 155
109 169
116 182
125 192
138 199
153 202
167 199
180 193
191 184
199 172
204 159
206 145
209 131
210 117
109 98
115 90
124 87
135 87
145 91
162 90
172 87
183 87
194 90
201 99
153 105
152 114
151 122
150 130
141 142
146 144
151 145
156 144
162 143
120 110
125 106
132 106
138 110
132 111
125 111
169 110
176 106
183 106
189 110
183 111
176 111
137 165
142 160
148 156
152 158
156 156
162 160
170 165
162 170
156 172
152 172
147 171
142 169
140 165
148 163
152 163
156 163
166 165
156 165
152 165
148 164
